X73487.1	X73487.1	98.492	34155	471	14	0.0	60179
X73487.1	X73487.1	98.171	164	3	0	1.87e-77	287
X73487.1	X73487.1	97.576	165	2	2	8.68e-76	281
X73487.1	GU191019.1	84.184	18317	2612	167	0.0	17512
X73487.1	GU191019.1	82.893	8283	1262	94	0.0	7302
X73487.1	GU191019.1	81.926	6811	1113	96	0.0	5650
X73487.1	GU191019.1	84.306	771	96	14	0.0	730
X73487.1	GU191019.1	92.216	167	12	1	6.86e-62	235
X73487.1	GU191019.1	92.121	165	12	1	8.87e-61	231
X73487.1	MG925783.1	75.826	757	179	4	8.32e-106	381
X73487.1	AC_000007.1	81.390	403	74	1	1.10e-89	327
X73487.1	AC_000007.1	80.374	107	15	5	4.40e-14	76.8
X73487.1	AC_000007.1	74.214	159	37	3	3.42e-10	63.9
X73487.1	JN226752.1	85.878	262	37	0	3.12e-75	279
X73487.1	JN226752.1	83.056	301	51	0	1.45e-73	274
X73487.1	JN226752.1	74.510	204	40	10	1.22e-14	78.7
