GU191019.1	GU191019.1	98.973	34177	331	5	0.0	61151
GU191019.1	GU191019.1	100.000	167	0	0	3.99e-84	309
GU191019.1	GU191019.1	100.000	167	0	0	3.99e-84	309
GU191019.1	X73487.1	84.137	18313	2612	180	0.0	17453
GU191019.1	X73487.1	83.037	8271	1252	98	0.0	7361
GU191019.1	X73487.1	82.256	6808	1089	96	0.0	5770
GU191019.1	X73487.1	84.545	770	95	14	0.0	741
GU191019.1	X73487.1	92.814	167	11	1	1.47e-63	241
GU191019.1	X73487.1	92.727	165	11	1	1.91e-62	237
GU191019.1	MG925783.1	74.099	2915	674	56	0.0	1125
GU191019.1	MG925783.1	75.724	1553	326	38	0.0	732
GU191019.1	MG925783.1	72.203	2047	507	48	4.60e-163	571
GU191019.1	MG925783.1	77.010	970	198	18	2.17e-151	532
GU191019.1	MG925783.1	73.987	469	97	21	2.54e-41	167
GU191019.1	AC_000007.1	75.232	1833	426	22	0.0	845
GU191019.1	AC_000007.1	79.250	400	78	4	1.45e-73	274
GU191019.1	AC_000007.1	95.122	41	2	0	9.52e-11	65.8
GU191019.1	JN226752.1	81.293	294	55	0	5.30e-63	239
GU191019.1	JN226752.1	92.857	56	2	1	3.40e-15	80.5
